 wrk  -t4 -c200 -d30s -sput.lua -R2000 --latency http://localhost:8080
Running 30s test @ http://localhost:8080
  4 threads and 200 connections
  Thread calibration: mean lat.: 8.515ms, rate sampling interval: 32ms
  Thread calibration: mean lat.: 6.866ms, rate sampling interval: 27ms
  Thread calibration: mean lat.: 61.943ms, rate sampling interval: 69ms
  Thread calibration: mean lat.: 3.560ms, rate sampling interval: 18ms
  Thread Stats   Avg      Stdev     Max   +/- Stdev
    Latency     7.63ms    5.66ms  42.72ms   68.35%
    Req/Sec   510.96    531.31     1.92k    85.11%
  Latency Distribution (HdrHistogram - Recorded Latency)
 50.000%    6.74ms
 75.000%   10.87ms
 90.000%   14.90ms
 99.000%   24.72ms
 99.900%   34.37ms
 99.990%   38.69ms
 99.999%   42.75ms
100.000%   42.75ms

  Detailed Percentile spectrum:
       Value   Percentile   TotalCount 1/(1-Percentile)

       0.241     0.000000            1         1.00
       1.355     0.100000         3942         1.11
       2.217     0.200000         7890         1.25
       3.601     0.300000        11828         1.43
       5.175     0.400000        15774         1.67
       6.735     0.500000        19717         2.00
       7.559     0.550000        21687         2.22
       8.391     0.600000        23651         2.50
       9.183     0.650000        25635         2.86
       9.999     0.700000        27603         3.33
      10.871     0.750000        29568         4.00
      11.319     0.775000        30549         4.44
      11.831     0.800000        31548         5.00
      12.383     0.825000        32533         5.71
      13.039     0.850000        33515         6.67
      13.815     0.875000        34494         8.00
      14.303     0.887500        34986         8.89
      14.911     0.900000        35482        10.00
      15.679     0.912500        35976        11.43
      16.559     0.925000        36462        13.33
      17.567     0.937500        36955        16.00
      18.191     0.943750        37202        17.78
      18.783     0.950000        37451        20.00
      19.455     0.956250        37694        22.86
      20.175     0.962500        37945        26.67
      20.975     0.968750        38187        32.00
      21.295     0.971875        38313        35.56
      21.711     0.975000        38435        40.00
      22.127     0.978125        38556        45.71
      22.639     0.981250        38680        53.33
      23.423     0.984375        38804        64.00
      23.743     0.985938        38865        71.11
      24.111     0.987500        38927        80.00
      24.511     0.989062        38987        91.43
      24.959     0.990625        39054       106.67
      25.423     0.992188        39112       128.00
      25.695     0.992969        39142       142.22
      26.079     0.993750        39172       160.00
      26.415     0.994531        39204       182.86
      26.847     0.995313        39235       213.33
      27.423     0.996094        39265       256.00
      27.743     0.996484        39280       284.44
      28.111     0.996875        39295       320.00
      28.671     0.997266        39311       365.71
      29.183     0.997656        39326       426.67
      29.775     0.998047        39342       512.00
      30.271     0.998242        39349       568.89
      31.519     0.998437        39357       640.00
      32.431     0.998633        39365       731.43
      33.535     0.998828        39373       853.33
      34.911     0.999023        39380      1024.00
      35.455     0.999121        39384      1137.78
      35.679     0.999219        39388      1280.00
      36.031     0.999316        39392      1462.86
      36.543     0.999414        39395      1706.67
      36.895     0.999512        39399      2048.00
      36.991     0.999561        39401      2275.56
      37.087     0.999609        39403      2560.00
      37.343     0.999658        39405      2925.71
      37.407     0.999707        39407      3413.33
      37.535     0.999756        39409      4096.00
      37.983     0.999780        39410      4551.11
      38.015     0.999805        39411      5120.00
      38.463     0.999829        39412      5851.43
      38.591     0.999854        39413      6826.67
      38.687     0.999878        39415      8192.00
      38.687     0.999890        39415      9102.22
      38.687     0.999902        39415     10240.00
      38.687     0.999915        39415     11702.86
      38.847     0.999927        39416     13653.33
      38.847     0.999939        39416     16384.00
      38.847     0.999945        39416     18204.44
      42.527     0.999951        39417     20480.00
      42.527     0.999957        39417     23405.71
      42.527     0.999963        39417     27306.67
      42.527     0.999969        39417     32768.00
      42.527     0.999973        39417     36408.89
      42.751     0.999976        39418     40960.00
      42.751     1.000000        39418          inf
#[Mean    =        7.629, StdDeviation   =        5.660]
#[Max     =       42.720, Total count    =        39418]
#[Buckets =           27, SubBuckets     =         2048]
